pheno
0.1344518214
0.048918826
0.00150097
0.049583655
0.077657208
0.078635983
0.125126974
0.152311379
0.081105424
0.0648726448
0.117904809
0.006931319
0.012278095
0.040988925
0.006866501
0.119665264
0.011169167
0.1327087122
0.0033516844
0.004799598
0.076936539
0.055753693
0.0274518554
0.1332061015
0.004397072
0.06731692
0.123733759
0.054232322
0.006225221
0.210916842
0.003239017
0.007742551
0.010065509
0.0031091461
0.0171545048
0.0096848561
0.0655059218
0.060929373
0.0280708122
0.050020128
0.011066332
0.014056157
0.0718831271
0.006077225
0.0051077484
0.001393819
0.006619442
0.009821419
0.0212334621
0.0317767859
0.016903365
0.020068812
0.0027219935
0.036704656
0.241065723
0.009748496
0.1065355701
0.025767164
0.2034747755
0.041675746
0.0312597491
0.0232102564
0.018586244
0.015565592
0.047515959
0.039824177
0.08483509
0.046441216
0.0081557212
0.0639361918
0.048595715
0.010629253
0.0413698442
0.0054447558
0.056296561
0.0482374787
0.011779831
0.106925853
0.0203595646
0.1247729756
0.0409547985
0.013366105
0.044825707
0.095071055
0.017383199
0.029037515
0.0076646958
0.008986787
0.0012581387
0.1024471998
0.0784515664
0.078090318
0.209173663
0.068110093
0.016195219
0.077101126
0.224625285
0.122476877
0.033213537
0.061626066
0.254246206
0.0972337276
0.1258903444
0.0963063911
0.0378014855
0.015689777
0.0791137666
0.2348761261
0.0011818775
0.0355453864
0.011263863
0.0568970926
0.0213548355
0.0087487298
0.0153747164
0.054540869
0.1090108669
0.002992637
0.0120520627
0.0095808534
0.009314672
0.0295902826
0.178636445
0.048461471
0.0046542017
0.0840955749
0.0098928952
0.043686381
0.096239202
0.0261151201
0.0054747807
0.238565847
0.032657627
0.014661867
0.095605224
0.001145877
0.090370439
0.054959211
0.224029221
0.235591427
0.225659345
0.016811525
0.0135119143
0.0193592572
0.1017486453
0.002394985
0.084186445
0.2351535231
0.0479299985
0.1012635231
0.25695961
0.021656667
0.1529114097
0.0525252633
0.0085710749
0.0043155081
0.051583663
0.02224639
0.0003518118
0.0473446883
0.0806249678
0.0541024208
0.0164816696
0.20637537
0.0392375253
0.029128037
0.0006494632
0.0559416451
0.022959873
0.1478662789
0.0089111182
0.001234584
0.220221459
0.002339135
0.005108595
0.056156266
0.0238765237
0.0642769709
0.1295974184
0.037783891
0.1337489784
0.0054076058
0.0278000176
0.025291767
0.008522894
0.0245887283
0.008963129
0.0008843497
0.0092921546
0.0145846322
0.01849439
0.016030598
0.0292567194
0.148805133
0.035329394
0.032249358
0.051034832
0.011549775
0.0132414075
0.04733192
0.0752196833
0.0575894229
0.0085635372
0.006394262
0.1097549722
0.03100011
0.044336937
0.238540836
0.2997664213
0.0780687258
0.2457920544
0.035632402
0.1199083295
0.0185608082
0.001290638
0.1524886489
0.0119587742
0.1887322068
0.001288534
0.025353326
0.198487606
0.1295331568
0.1154311523
0.130415976
0.049827227
0.260161689
0.0890602246
0.0145285717
0.0075515113
0.109797888
0.060609911
0.014792054
0.0261753518
0.0674770474
0.09153783
0.140072951
0.017141195
0.023343693
0.02280903
0.070258535
0.0025322696
0.004760226
0.2030963153
0.1233604964
0.2372824699
0.1252768546
0.008599464
0.1133269444
0.054975849
0.014288847
0.1829985678
0.0754641891
0.230010734
0.030533303
0.041105941
0.055106774
0.0881135464
0.075411417
0.2289037856
0.0217283396
0.017576063
0.0611199997
0.0032802701
0.0219766903
0.1007629856
0.0059932101
0.031828564
0.0601580068
0.046460098
0.0280695837
0.002293561
0.0233253967
0.0601865388
0.0024552734
0.01436041
0.0368309952
0.043260012
0.011367084
0.1020516828
0.0143904363
0.034544986
0.0252463017
0.010351182
0.149464751
0.0407656766
0.044054031
0.0276655132
0.031179985
0.0311311837
0.0590533763
0.274981362
0.037866965
0.0874699429
0.0357508734
0.1558186144
0.004054031
0.024454069
0.14060731
0.004754331
0.039065021
0.054654032
